3.02	01
2.97	02
1.80	03
1.99	04
1.45	05
0.49	06
2.48	07
2.74	08
1.95	09
2.64	10
0.96	11
2.53	12
3.09	13
0.05	14
2.32	15
2.65	16
1.62	17
3.11	18
2.11	19
3.07	20
0.65	21
2.97	22
2.60	23
0.63	24
1.13	25
1.88	26
2.08	27
1.50	28
1.48	29
2.37	30
1.62	31
1.12	32
0.91	33
1.80	34
2.74	35
1.75	36
0.42	37
1.40	38
2.41	39
1.01	40
2.15	41
0.79	42
2.46	43
2.83	44
2.15	45
2.88	46
0.49	47
0.44	48
0.19	49
1.03	50
0.54	51
2.90	52
0.91	53
2.29	54
1.47	55
0.30	56
2.79	57
1.27	58
1.68	59
2.62	60
1.03	61
1.01	62
1.47	63
2.69	64
1.97	65
1.17	66
1.36	67
1.80	68
0.35	69
2.18	70
0.82	71
2.01	72
0.16	73
0.58	74
0.84	75
2.23	76
0.66	77
1.69	78
2.98	79
0.37	80
1.52	81
2.64	82
0.73	83
0.30	84
0.49	85
2.64	86
1.55	87
2.95	88
3.09	89
0.14	90
1.85	91
2.37	92
0.77	93
1.22	94
1.88	95
0.72	96
2.86	97
2.88	98
1.47	99
1.27	100
