0.00	01
14.00	02
3.00	03
15.00	04
1.00	05
6.00	06
2.00	07
17.00	08
13.00	09
15.00	10
3.00	11
18.00	12
11.00	13
15.00	14
4.00	15
8.00	16
3.00	17
6.00	18
2.00	19
7.00	20
5.00	21
6.00	22
5.00	23
9.00	24
10.00	25
12.00	26
7.00	27
10.00	28
8.00	29
13.00	30
16.00	31
16.00	32
20.00	33
0.00	34
19.00	35
1.00	36
16.00	37
6.00	38
8.00	39
15.00	40
14.00	41
9.00	42
14.00	43
17.00	44
0.00	45
12.00	46
7.00	47
12.00	48
7.00	49
5.00	50
13.00	51
6.00	52
14.00	53
7.00	54
5.00	55
18.00	56
4.00	57
18.00	58
4.00	59
18.00	60
0.00	61
18.00	62
15.00	63
13.00	64
17.00	65
2.00	66
4.00	67
17.00	68
18.00	69
15.00	70
0.00	71
18.00	72
18.00	73
0.00	74
7.00	75
3.00	76
4.00	77
14.00	78
7.00	79
14.00	80
2.00	81
12.00	82
20.00	83
20.00	84
6.00	85
16.00	86
4.00	87
11.00	88
6.00	89
19.00	90
6.00	91
19.00	92
18.00	93
3.00	94
17.00	95
5.00	96
11.00	97
0.00	98
20.00	99
5.00	100
