0.00	0.00
-0.00	0.00
-13.79	2.43
-0.67	2.92
-6.10	13.70
0.12	0.99
5.30	2.82
-1.58	1.23
-15.65	6.64
-4.87	12.05
-13.12	7.27
1.72	2.46
-14.74	10.32
-10.98	0.58
14.98	0.79
-2.73	2.93
-7.06	3.76
-0.16	3.00
-6.00	0.21
-1.03	1.71
-6.98	0.49
3.99	3.01
-5.91	1.04
-4.29	2.58
7.28	5.29
4.23	9.06
-3.71	11.41
-3.39	6.12
0.70	9.98
0.70	7.97
-9.35	9.03
-0.84	15.98
7.01	14.38
12.31	15.76
-0.00	0.00
-17.49	7.42
-0.17	0.98
14.62	6.51
1.04	5.91
-5.95	5.35
7.95	12.72
-7.62	11.74
6.36	6.36
-10.88	8.81
-16.17	5.25
-0.00	0.00
-11.59	3.11
6.18	3.29
10.88	5.07
6.87	1.34
2.58	4.29
11.14	6.70
-5.82	1.45
8.62	11.03
-4.59	5.28
0.52	4.97
17.21	5.26
-3.76	1.37
5.26	17.21
-0.42	3.98
-15.59	9.00
0.00	0.00
9.54	15.26
1.57	14.92
-11.68	5.70
-6.64	15.65
0.78	1.84
0.83	3.91
-3.82	16.56
16.91	6.16
-8.60	12.29
0.00	0.00
-7.61	16.31
17.78	2.82
0.00	0.00
4.68	5.20
-1.85	2.36
3.15	2.46
-1.71	13.90
-6.91	1.10
13.07	5.02
0.10	2.00
-10.50	5.82
14.86	13.38
19.13	5.85
5.30	2.82
-13.99	7.76
0.07	4.00
-10.80	2.10
-5.99	0.31
18.82	2.64
-1.65	5.77
-13.67	13.20
12.95	12.50
1.03	2.82
-5.25	16.17
3.77	3.28
-10.57	3.03
-0.00	0.00
2.09	19.89
1.46	4.78